0000000
0000000
0000000
0000000
0000000
0000000
0000000
0000000
0000000
0000000
0000100
0000000
0000100
0000000
0000000
0000000
0000000
0000100
0001000
0001000
0001000
0001000
0001000
1001100
1001000
1001000
1001000
0001000
0001000
0001100
0101000
0000000
0000000
0000000
0000000
0000000
0000000
0000000
0000000
0000000
0000000
0000100
0000000
0010000
0010000
0010000
0010000
0010100
0010000
0010000
0010100
0010000
0010100
0010000
0110000
0010000
0010000
0010100
0010000
0010000
0110000
0010100
0010100
0010100
0010100
0010000
0010100
0010000
0010000
0010100
0010000
0010100
0010000
0010000
0010000
0010000
0010100
0010000
0010000
0010000
0010000
0010100
0010000
0010100
0010000
0010000
0010000
0010100
0010000
0010000
0010000
0010000
0010000
0010000
0010100
0110000
0110000
0010000
0010000
0010100
0010000
0010000
0110100
0100000
0100000
0000000
0000000
0000000
0000000
0000100
0010000
0010000
0010000
0010100
0010000
0010100
0010100
0010000
0010000
0010000
0010000
0010000
0110100
